0,483
0,482
0,481
0,480
118,3
118,1
118,0
117,3
117,1
117,0
116,3
116,1
116,0
115,3
115,1
115,0
114,3
114,1
114,0
113,3
113,1
113,0
112,3
112,1
112,0
111,4
111,3
111,1
111,0
110,3
110,1
110,0
4,3
4,2
4,1
4,0
3,6
3,5
3,4
3,3
3,2
3,1
3,0
2,12
2,11
2,9
2,8
2,7
2,5
2,2
1,2
0,473
0,466
0,461
0,459
0,455
0,447
0,446
0,444
0,439
0,435
0,432
0,431
0,430
0,427
0,426
0,423
0,414
0,412
0,410
0,406
0,401
0,399
0,398
0,396
0,394
0,387
0,374
0,372
0,363
0,361
0,359
0,354
0,352
0,351
0,349
0,348
0,347
0,345
0,343
0,338
0,335
0,333
0,331
192,5
0,330
192,4
0,328
0,326
192,1
0,322
192,3
0,320
0,318
0,386
0,309
0,463
0,243
192,0
2,10
1,1
1,3
1,0
2,6
2,1
2,4
2,3
2,0
0,9
0,310
0,305
0,312
0,308
0,304
0,303
0,302
0,307
0,445
0,12
0,324
0,10
0,8
0,0
0,443
0,300
0,299
0,422
0,298
0,421
0,297
0,420
0,296
0,419
0,295
0,418
0,294
0,442
0,293
0,417
0,292
0,416
0,291
0,415
0,290
0,468
0,289
0,413
0,288
0,287
0,441
0,286
0,411
0,285
0,409
0,284
0,408
0,283
0,407
0,282
0,475
0,281
0,405
0,280
0,440
0,279
0,404
0,278
119,0
119,1
120,0
120,1
121,0
121,1
122,0
122,3
123,0
123,3
124,0
124,3
125,1
125,3
126,1
126,3
127,1
127,3
128,1
129,0
129,1
130,0
130,1
131,0
131,3
132,0
132,3
133,0
133,3
133,4
134,1
135,0
135,1
136,0
136,1
137,0
137,3
138,0
138,3
139,0
139,3
140,0
140,3
141,1
141,3
142,1
142,3
143,0
143,3
144,0
144,3
145,0
145,3
146,1
146,3
147,1
147,3
148,1
148,3
149,1
150,0
150,1
151,0
151,1
152,0
152,3
153,0
153,3
154,0
154,3
155,0
155,3
156,1
156,3
157,1
157,3
158,1
159,0
159,1
160,0
160,1
161,0
161,1
162,0
162,3
162,4
163,1
163,3
164,1
165,0
165,1
166,0
166,1
167,0
167,3
168,0
168,3
169,0
169,3
170,0
170,3
171,1
171,3
172,1
172,2
173,0
173,3
174,0
174,3
175,0
175,3
176,0
176,3
177,1
177,3
178,1
178,3
179,0
179,3
180,0
180,3
181,0
181,2
181,3
182,0
182,3
183,0
183,3
184,0
184,3
185,1
185,3
186,1
186,3
187,1
187,3
188,1
189,0
189,1
190,0
190,1
191,0
191,2
191,3
193,0
193,1
193,5
194,0
194,1
194,4
195,0
195,3
196,0
196,3
197,1
197,2
197,4
197,5
198,1
199,0
199,1
200,0
200,1
201,0
201,1
202,0
202,3
203,0
203,3
204,0
204,3
205,1
205,3
206,1
206,3
207,1
207,3
208,1
209,0
209,1
210,0
210,1
211,0
211,3
212,0
212,3
213,0
213,3
214,0
214,1
214,3
213,5
213,1
212,1
211,1
210,3
209,3
208,3
208,0
207,0
206,0
205,0
204,1
203,1
202,1
201,3
200,3
199,3
198,3
198,0
197,3
197,0
196,1
195,1
194,3
193,6
193,3
192,2
191,1
190,3
189,3
188,3
188,0
187,0
186,0
185,0
184,1
183,1
182,1
181,4
181,1
180,1
179,1
178,4
178,0
177,0
176,1
175,1
174,1
173,1
172,3
172,0
171,0
170,1
169,1
168,1
167,1
166,3
165,3
164,3
164,0
163,0
162,1
161,3
160,3
159,3
158,3
158,0
157,0
156,0
155,1
154,1
153,1
152,1
151,3
150,3
149,3
149,0
148,0
147,0
146,0
145,1
144,1
143,1
142,4
142,0
141,0
140,1
139,1
138,1
137,1
136,3
135,3
134,3
134,0
133,1
132,1
131,1
130,3
129,3
128,3
128,0
127,0
126,0
125,0
124,1
123,1
122,1
121,3
120,3
119,3
0,403
0,277
0,402
0,276
0,275
0,400
0,274
0,273
0,438
0,272
0,467
0,271
0,397
0,270
0,269
0,395
0,268
0,477
0,267
0,393
0,266
0,437
0,265
0,392
0,264
0,391
0,263
0,390
0,262
0,389
0,261
0,388
0,260
0,465
0,259
0,436
0,258
0,454
0,257
0,385
0,256
0,384
0,255
0,383
0,254
0,382
0,253
0,381
0,252
0,434
0,251
0,380
0,250
0,379
0,249
0,378
0,248
0,377
0,247
0,376
0,246
0,375
0,245
0,433
0,244
0,464
0,242
0,373
0,241
0,474
0,240
0,371
0,239
0,238
0,370
0,237
0,369
0,236
0,368
0,235
0,367
0,234
0,366
0,233
0,365
0,232
0,364
0,231
0,448
0,230
0,362
0,229
0,453
0,228
0,360
0,227
0,472
0,226
0,358
0,225
0,224
0,357
0,223
0,356
0,222
0,355
0,221
0,479
0,220
0,353
0,219
0,452
0,218
0,429
0,217
0,457
0,216
0,350
0,215
0,451
0,214
0,346
0,213
0,476
0,212
0,344
0,211
0,462
0,210
0,342
0,209
0,341
0,208
0,428
0,207
0,340
0,206
0,339
0,205
0,204
0,337
0,203
0,460
0,202
0,336
0,201
0,200
0,334
0,199
0,471
0,198
0,332
0,197
0,456
0,196
0,425
0,195
0,478
0,194
0,329
0,193
0,470
0,192
0,327
0,63
0,469
0,62
0,325
0,61
0,60
0,424
0,59
0,323
0,58
0,321
0,57
0,56
0,319
0,55
0,54
0,450
0,53
0,316
0,52
0,315
0,51
0,314
0,50
0,313
0,49
0,458
0,48
0,311
0,47
0,301
0,46
0,306
0,45
0,449
0,6
0,5
0,1
0,317
0,11
0,4
0,2
0,3
0,7
